classification of author sex:
accuracy=0.9799809342230696
precision=[0.98609732 0.83333333]
recall=[0.993      0.71428571]
fscore=[0.98953662 0.76923077]
support=[1000   49]
