classification of author birth_period:
accuracy=0.9380362249761678
precision=[1.         0.97327394 0.7962963  0.9233871  0.91111111]
recall=[0.83333333 0.96681416 0.70491803 0.96016771 0.77358491]
fscore=[0.90909091 0.9700333  0.74782609 0.94141829 0.83673469]
support=[  6 452  61 477  53]
