classification of author death_period:
accuracy=0.9275500476644424
precision=[1.         0.97355769 0.92063492 0.71666667 0.91485149]
recall=[0.83333333 0.96199525 0.81690141 0.5890411  0.9665272 ]
fscore=[0.90909091 0.96774194 0.86567164 0.64661654 0.93997965]
support=[  6 421  71  73 478]
